/*--------------------------------*- C++ -*----------------------------------*\
| =========                 |                                                 |
| \\      /  F ield         | OpenFOAM: The Open Source CFD Toolbox           |
|  \\    /   O peration     | Version:  2412                                  |
|   \\  /    A nd           | Website:  www.openfoam.com                      |
|    \\/     M anipulation  |                                                 |
\*---------------------------------------------------------------------------*/
FoamFile
{
    version     2.0;
    format      ascii;
    arch        "LSB;label=32;scalar=64";
    class       faceList;
    location    "constant/polyMesh";
    object      faces;
}
// * * * * * * * * * * * * * * * * * * * * * * * * * * * * * * * * * * * * * //


410
(
3(1 7 37)
4(6 36 37 7)
3(2 8 38)
4(7 37 38 8)
3(3 9 39)
4(8 38 39 9)
3(4 10 40)
4(9 39 40 10)
4(10 40 41 11)
3(5 11 41)
4(7 13 43 37)
4(12 42 43 13)
4(8 14 44 38)
4(13 43 44 14)
4(9 15 45 39)
4(14 44 45 15)
4(10 16 46 40)
4(15 45 46 16)
4(16 46 47 17)
4(11 17 47 41)
4(13 19 49 43)
4(18 48 49 19)
4(14 20 50 44)
4(19 49 50 20)
4(15 21 51 45)
4(20 50 51 21)
4(16 22 52 46)
4(21 51 52 22)
4(22 52 53 23)
4(17 23 53 47)
4(19 25 55 49)
4(24 54 55 25)
4(20 26 56 50)
4(25 55 56 26)
4(21 27 57 51)
4(26 56 57 27)
4(22 28 58 52)
4(27 57 58 28)
4(28 58 59 29)
4(23 29 59 53)
4(25 31 61 55)
4(26 32 62 56)
4(27 33 63 57)
4(28 34 64 58)
4(29 35 65 59)
3(66 71 96)
4(11 41 96 71)
3(67 72 97)
4(71 96 97 72)
3(68 73 98)
4(72 97 98 73)
3(69 74 99)
4(73 98 99 74)
4(74 99 100 75)
3(70 75 100)
4(71 76 101 96)
4(17 47 101 76)
4(72 77 102 97)
4(76 101 102 77)
4(73 78 103 98)
4(77 102 103 78)
4(74 79 104 99)
4(78 103 104 79)
4(79 104 105 80)
4(75 80 105 100)
4(76 81 106 101)
4(23 53 106 81)
4(77 82 107 102)
4(81 106 107 82)
4(78 83 108 103)
4(82 107 108 83)
4(79 84 109 104)
4(83 108 109 84)
4(84 109 110 85)
4(80 85 110 105)
4(81 86 111 106)
4(29 59 111 86)
4(82 87 112 107)
4(86 111 112 87)
4(83 88 113 108)
4(87 112 113 88)
4(84 89 114 109)
4(88 113 114 89)
4(89 114 115 90)
4(85 90 115 110)
4(86 91 116 111)
4(35 65 116 91)
4(87 92 117 112)
4(91 116 117 92)
4(88 93 118 113)
4(92 117 118 93)
4(89 94 119 114)
4(93 118 119 94)
4(90 95 120 115)
4(94 119 120 95)
3(121 126 151)
4(75 100 151 126)
3(122 127 152)
4(126 151 152 127)
3(123 128 153)
4(127 152 153 128)
3(124 129 154)
4(128 153 154 129)
4(129 154 155 130)
4(126 131 156 151)
4(80 105 156 131)
4(127 132 157 152)
4(131 156 157 132)
4(128 133 158 153)
4(132 157 158 133)
4(129 134 159 154)
4(133 158 159 134)
4(134 159 160 135)
4(131 136 161 156)
4(85 110 161 136)
4(132 137 162 157)
4(136 161 162 137)
4(133 138 163 158)
4(137 162 163 138)
4(134 139 164 159)
4(138 163 164 139)
4(139 164 165 140)
4(136 141 166 161)
4(90 115 166 141)
4(137 142 167 162)
4(141 166 167 142)
4(138 143 168 163)
4(142 167 168 143)
4(139 144 169 164)
4(143 168 169 144)
4(144 169 170 145)
4(141 146 171 166)
4(142 147 172 167)
4(143 148 173 168)
4(144 149 174 169)
4(91 177 207 116)
4(176 206 207 177)
4(92 178 208 117)
4(177 207 208 178)
4(93 179 209 118)
4(178 208 209 179)
4(94 180 210 119)
4(179 209 210 180)
4(180 210 211 181)
4(177 183 213 207)
4(182 212 213 183)
4(178 184 214 208)
4(183 213 214 184)
4(179 185 215 209)
4(184 214 215 185)
4(180 186 216 210)
4(185 215 216 186)
4(186 216 217 187)
4(183 189 219 213)
4(188 218 219 189)
4(184 190 220 214)
4(189 219 220 190)
4(185 191 221 215)
4(190 220 221 191)
4(186 192 222 216)
4(191 221 222 192)
4(192 222 223 193)
4(189 195 225 219)
4(194 224 225 195)
4(190 196 226 220)
4(195 225 226 196)
4(191 197 227 221)
4(196 226 227 197)
4(192 198 228 222)
4(197 227 228 198)
4(198 228 229 199)
4(195 201 231 225)
4(196 202 232 226)
4(197 203 233 227)
4(198 204 234 228)
3(0 36 6)
4(6 36 42 12)
4(12 42 48 18)
4(18 48 54 24)
4(24 54 60 30)
3(125 130 155)
4(130 135 160 155)
4(135 140 165 160)
4(140 145 170 165)
4(145 150 175 170)
4(30 60 61 31)
4(31 61 62 32)
4(32 62 63 33)
4(33 63 64 34)
4(34 64 65 35)
4(35 65 206 176)
4(176 206 212 182)
4(182 212 218 188)
4(188 218 224 194)
4(194 224 230 200)
4(200 230 231 201)
4(201 231 232 202)
4(202 232 233 203)
4(203 233 234 204)
4(204 234 235 205)
4(95 181 211 120)
4(181 187 217 211)
4(187 193 223 217)
4(193 199 229 223)
4(199 205 235 229)
4(95 120 171 146)
4(146 171 172 147)
4(147 172 173 148)
4(148 173 174 149)
4(149 174 175 150)
4(0 6 7 1)
4(6 12 13 7)
4(12 18 19 13)
4(18 24 25 19)
4(24 30 31 25)
4(1 7 8 2)
4(7 13 14 8)
4(13 19 20 14)
4(19 25 26 20)
4(25 31 32 26)
4(2 8 9 3)
4(8 14 15 9)
4(14 20 21 15)
4(20 26 27 21)
4(26 32 33 27)
4(3 9 10 4)
4(9 15 16 10)
4(15 21 22 16)
4(21 27 28 22)
4(27 33 34 28)
4(4 10 11 5)
4(10 16 17 11)
4(16 22 23 17)
4(22 28 29 23)
4(28 34 35 29)
4(5 11 71 66)
4(11 17 76 71)
4(17 23 81 76)
4(23 29 86 81)
4(29 35 91 86)
4(66 71 72 67)
4(71 76 77 72)
4(76 81 82 77)
4(81 86 87 82)
4(86 91 92 87)
4(67 72 73 68)
4(72 77 78 73)
4(77 82 83 78)
4(82 87 88 83)
4(87 92 93 88)
4(68 73 74 69)
4(73 78 79 74)
4(78 83 84 79)
4(83 88 89 84)
4(88 93 94 89)
4(69 74 75 70)
4(74 79 80 75)
4(79 84 85 80)
4(84 89 90 85)
4(89 94 95 90)
4(70 75 126 121)
4(75 80 131 126)
4(80 85 136 131)
4(85 90 141 136)
4(90 95 146 141)
4(121 126 127 122)
4(126 131 132 127)
4(131 136 137 132)
4(136 141 142 137)
4(141 146 147 142)
4(122 127 128 123)
4(127 132 133 128)
4(132 137 138 133)
4(137 142 143 138)
4(142 147 148 143)
4(123 128 129 124)
4(128 133 134 129)
4(133 138 139 134)
4(138 143 144 139)
4(143 148 149 144)
4(124 129 130 125)
4(129 134 135 130)
4(134 139 140 135)
4(139 144 145 140)
4(144 149 150 145)
4(35 176 177 91)
4(176 182 183 177)
4(182 188 189 183)
4(188 194 195 189)
4(194 200 201 195)
4(91 177 178 92)
4(177 183 184 178)
4(183 189 190 184)
4(189 195 196 190)
4(195 201 202 196)
4(92 178 179 93)
4(178 184 185 179)
4(184 190 191 185)
4(190 196 197 191)
4(196 202 203 197)
4(93 179 180 94)
4(179 185 186 180)
4(185 191 192 186)
4(191 197 198 192)
4(197 203 204 198)
4(94 180 181 95)
4(180 186 187 181)
4(186 192 193 187)
4(192 198 199 193)
4(198 204 205 199)
4(0 1 37 36)
4(36 37 43 42)
4(42 43 49 48)
4(48 49 55 54)
4(54 55 61 60)
4(1 2 38 37)
4(37 38 44 43)
4(43 44 50 49)
4(49 50 56 55)
4(55 56 62 61)
4(2 3 39 38)
4(38 39 45 44)
4(44 45 51 50)
4(50 51 57 56)
4(56 57 63 62)
4(3 4 40 39)
4(39 40 46 45)
4(45 46 52 51)
4(51 52 58 57)
4(57 58 64 63)
4(4 5 41 40)
4(40 41 47 46)
4(46 47 53 52)
4(52 53 59 58)
4(58 59 65 64)
4(5 66 96 41)
4(41 96 101 47)
4(47 101 106 53)
4(53 106 111 59)
4(59 111 116 65)
4(66 67 97 96)
4(96 97 102 101)
4(101 102 107 106)
4(106 107 112 111)
4(111 112 117 116)
4(67 68 98 97)
4(97 98 103 102)
4(102 103 108 107)
4(107 108 113 112)
4(112 113 118 117)
4(68 69 99 98)
4(98 99 104 103)
4(103 104 109 108)
4(108 109 114 113)
4(113 114 119 118)
4(69 70 100 99)
4(99 100 105 104)
4(104 105 110 109)
4(109 110 115 114)
4(114 115 120 119)
4(70 121 151 100)
4(100 151 156 105)
4(105 156 161 110)
4(110 161 166 115)
4(115 166 171 120)
4(121 122 152 151)
4(151 152 157 156)
4(156 157 162 161)
4(161 162 167 166)
4(166 167 172 171)
4(122 123 153 152)
4(152 153 158 157)
4(157 158 163 162)
4(162 163 168 167)
4(167 168 173 172)
4(123 124 154 153)
4(153 154 159 158)
4(158 159 164 163)
4(163 164 169 168)
4(168 169 174 173)
4(124 125 155 154)
4(154 155 160 159)
4(159 160 165 164)
4(164 165 170 169)
4(169 170 175 174)
4(65 116 207 206)
4(206 207 213 212)
4(212 213 219 218)
4(218 219 225 224)
4(224 225 231 230)
4(116 117 208 207)
4(207 208 214 213)
4(213 214 220 219)
4(219 220 226 225)
4(225 226 232 231)
4(117 118 209 208)
4(208 209 215 214)
4(214 215 221 220)
4(220 221 227 226)
4(226 227 233 232)
4(118 119 210 209)
4(209 210 216 215)
4(215 216 222 221)
4(221 222 228 227)
4(227 228 234 233)
4(119 120 211 210)
4(210 211 217 216)
4(216 217 223 222)
4(222 223 229 228)
4(228 229 235 234)
)


// ************************************************************************* //
