/*--------------------------------*- C++ -*----------------------------------*\
| =========                 |                                                 |
| \\      /  F ield         | OpenFOAM: The Open Source CFD Toolbox           |
|  \\    /   O peration     | Version:  2412                                  |
|   \\  /    A nd           | Website:  www.openfoam.com                      |
|    \\/     M anipulation  |                                                 |
\*---------------------------------------------------------------------------*/
FoamFile
{
    version     2.0;
    format      ascii;
    arch        "LSB;label=32;scalar=64";
    class       vectorField;
    location    "constant/polyMesh";
    object      points;
}
// * * * * * * * * * * * * * * * * * * * * * * * * * * * * * * * * * * * * * //


236
(
(0 0 0)
(0.2 0 0)
(0.4 0 0)
(0.6 0 0)
(0.8 0 0)
(1 0 0)
(0 0.1998781654 -0.006979899341)
(0.2 0.1998781654 -0.006979899341)
(0.4 0.1998781654 -0.006979899341)
(0.6 0.1998781654 -0.006979899341)
(0.8 0.1998781654 -0.006979899341)
(1 0.1998781654 -0.006979899341)
(0 0.3997563308 -0.01395979868)
(0.2 0.3997563308 -0.01395979868)
(0.4 0.3997563308 -0.01395979868)
(0.6 0.3997563308 -0.01395979868)
(0.8 0.3997563308 -0.01395979868)
(1 0.3997563308 -0.01395979868)
(0 0.5996344962 -0.02093969802)
(0.2 0.5996344962 -0.02093969802)
(0.4 0.5996344962 -0.02093969802)
(0.6 0.5996344962 -0.02093969802)
(0.8 0.5996344962 -0.02093969802)
(1 0.5996344962 -0.02093969802)
(0 0.7995126616 -0.02791959736)
(0.2 0.7995126616 -0.02791959736)
(0.4 0.7995126616 -0.02791959736)
(0.6 0.7995126616 -0.02791959736)
(0.8 0.7995126616 -0.02791959736)
(1 0.7995126616 -0.02791959736)
(0 0.999390827 -0.0348994967)
(0.2 0.999390827 -0.0348994967)
(0.4 0.999390827 -0.0348994967)
(0.6 0.999390827 -0.0348994967)
(0.8 0.999390827 -0.0348994967)
(1 0.999390827 -0.0348994967)
(0 0.1998781654 0.006979899341)
(0.2 0.1998781654 0.006979899341)
(0.4 0.1998781654 0.006979899341)
(0.6 0.1998781654 0.006979899341)
(0.8 0.1998781654 0.006979899341)
(1 0.1998781654 0.006979899341)
(0 0.3997563308 0.01395979868)
(0.2 0.3997563308 0.01395979868)
(0.4 0.3997563308 0.01395979868)
(0.6 0.3997563308 0.01395979868)
(0.8 0.3997563308 0.01395979868)
(1 0.3997563308 0.01395979868)
(0 0.5996344962 0.02093969802)
(0.2 0.5996344962 0.02093969802)
(0.4 0.5996344962 0.02093969802)
(0.6 0.5996344962 0.02093969802)
(0.8 0.5996344962 0.02093969802)
(1 0.5996344962 0.02093969802)
(0 0.7995126616 0.02791959736)
(0.2 0.7995126616 0.02791959736)
(0.4 0.7995126616 0.02791959736)
(0.6 0.7995126616 0.02791959736)
(0.8 0.7995126616 0.02791959736)
(1 0.7995126616 0.02791959736)
(0 0.999390827 0.0348994967)
(0.2 0.999390827 0.0348994967)
(0.4 0.999390827 0.0348994967)
(0.6 0.999390827 0.0348994967)
(0.8 0.999390827 0.0348994967)
(1 0.999390827 0.0348994967)
(1.2 0 0)
(1.4 0 0)
(1.6 0 0)
(1.8 0 0)
(2 0 0)
(1.2 0.1998781654 -0.006979899341)
(1.4 0.1998781654 -0.006979899341)
(1.6 0.1998781654 -0.006979899341)
(1.8 0.1998781654 -0.006979899341)
(2 0.1998781654 -0.006979899341)
(1.2 0.3997563308 -0.01395979868)
(1.4 0.3997563308 -0.01395979868)
(1.6 0.3997563308 -0.01395979868)
(1.8 0.3997563308 -0.01395979868)
(2 0.3997563308 -0.01395979868)
(1.2 0.5996344962 -0.02093969802)
(1.4 0.5996344962 -0.02093969802)
(1.6 0.5996344962 -0.02093969802)
(1.8 0.5996344962 -0.02093969802)
(2 0.5996344962 -0.02093969802)
(1.2 0.7995126616 -0.02791959736)
(1.4 0.7995126616 -0.02791959736)
(1.6 0.7995126616 -0.02791959736)
(1.8 0.7995126616 -0.02791959736)
(2 0.7995126616 -0.02791959736)
(1.2 0.999390827 -0.0348994967)
(1.4 0.999390827 -0.0348994967)
(1.6 0.999390827 -0.0348994967)
(1.8 0.999390827 -0.0348994967)
(2 0.999390827 -0.0348994967)
(1.2 0.1998781654 0.006979899341)
(1.4 0.1998781654 0.006979899341)
(1.6 0.1998781654 0.006979899341)
(1.8 0.1998781654 0.006979899341)
(2 0.1998781654 0.006979899341)
(1.2 0.3997563308 0.01395979868)
(1.4 0.3997563308 0.01395979868)
(1.6 0.3997563308 0.01395979868)
(1.8 0.3997563308 0.01395979868)
(2 0.3997563308 0.01395979868)
(1.2 0.5996344962 0.02093969802)
(1.4 0.5996344962 0.02093969802)
(1.6 0.5996344962 0.02093969802)
(1.8 0.5996344962 0.02093969802)
(2 0.5996344962 0.02093969802)
(1.2 0.7995126616 0.02791959736)
(1.4 0.7995126616 0.02791959736)
(1.6 0.7995126616 0.02791959736)
(1.8 0.7995126616 0.02791959736)
(2 0.7995126616 0.02791959736)
(1.2 0.999390827 0.0348994967)
(1.4 0.999390827 0.0348994967)
(1.6 0.999390827 0.0348994967)
(1.8 0.999390827 0.0348994967)
(2 0.999390827 0.0348994967)
(2.2 0 0)
(2.4 0 0)
(2.6 0 0)
(2.8 0 0)
(3 0 0)
(2.2 0.1998781654 -0.006979899341)
(2.4 0.1998781654 -0.006979899341)
(2.6 0.1998781654 -0.006979899341)
(2.8 0.1998781654 -0.006979899341)
(3 0.1998781654 -0.006979899341)
(2.2 0.3997563308 -0.01395979868)
(2.4 0.3997563308 -0.01395979868)
(2.6 0.3997563308 -0.01395979868)
(2.8 0.3997563308 -0.01395979868)
(3 0.3997563308 -0.01395979868)
(2.2 0.5996344962 -0.02093969802)
(2.4 0.5996344962 -0.02093969802)
(2.6 0.5996344962 -0.02093969802)
(2.8 0.5996344962 -0.02093969802)
(3 0.5996344962 -0.02093969802)
(2.2 0.7995126616 -0.02791959736)
(2.4 0.7995126616 -0.02791959736)
(2.6 0.7995126616 -0.02791959736)
(2.8 0.7995126616 -0.02791959736)
(3 0.7995126616 -0.02791959736)
(2.2 0.999390827 -0.0348994967)
(2.4 0.999390827 -0.0348994967)
(2.6 0.999390827 -0.0348994967)
(2.8 0.999390827 -0.0348994967)
(3 0.999390827 -0.0348994967)
(2.2 0.1998781654 0.006979899341)
(2.4 0.1998781654 0.006979899341)
(2.6 0.1998781654 0.006979899341)
(2.8 0.1998781654 0.006979899341)
(3 0.1998781654 0.006979899341)
(2.2 0.3997563308 0.01395979868)
(2.4 0.3997563308 0.01395979868)
(2.6 0.3997563308 0.01395979868)
(2.8 0.3997563308 0.01395979868)
(3 0.3997563308 0.01395979868)
(2.2 0.5996344962 0.02093969802)
(2.4 0.5996344962 0.02093969802)
(2.6 0.5996344962 0.02093969802)
(2.8 0.5996344962 0.02093969802)
(3 0.5996344962 0.02093969802)
(2.2 0.7995126616 0.02791959736)
(2.4 0.7995126616 0.02791959736)
(2.6 0.7995126616 0.02791959736)
(2.8 0.7995126616 0.02791959736)
(3 0.7995126616 0.02791959736)
(2.2 0.999390827 0.0348994967)
(2.4 0.999390827 0.0348994967)
(2.6 0.999390827 0.0348994967)
(2.8 0.999390827 0.0348994967)
(3 0.999390827 0.0348994967)
(1 1.199268992 -0.04187939604)
(1.2 1.199268992 -0.04187939604)
(1.4 1.199268992 -0.04187939604)
(1.6 1.199268992 -0.04187939604)
(1.8 1.199268992 -0.04187939604)
(2 1.199268992 -0.04187939604)
(1 1.399147158 -0.04885929538)
(1.2 1.399147158 -0.04885929538)
(1.4 1.399147158 -0.04885929538)
(1.6 1.399147158 -0.04885929538)
(1.8 1.399147158 -0.04885929538)
(2 1.399147158 -0.04885929538)
(1 1.599025323 -0.05583919472)
(1.2 1.599025323 -0.05583919472)
(1.4 1.599025323 -0.05583919472)
(1.6 1.599025323 -0.05583919472)
(1.8 1.599025323 -0.05583919472)
(2 1.599025323 -0.05583919472)
(1 1.798903489 -0.06281909406)
(1.2 1.798903489 -0.06281909406)
(1.4 1.798903489 -0.06281909406)
(1.6 1.798903489 -0.06281909406)
(1.8 1.798903489 -0.06281909406)
(2 1.798903489 -0.06281909406)
(1 1.998781654 -0.06979899341)
(1.2 1.998781654 -0.06979899341)
(1.4 1.998781654 -0.06979899341)
(1.6 1.998781654 -0.06979899341)
(1.8 1.998781654 -0.06979899341)
(2 1.998781654 -0.06979899341)
(1 1.199268992 0.04187939604)
(1.2 1.199268992 0.04187939604)
(1.4 1.199268992 0.04187939604)
(1.6 1.199268992 0.04187939604)
(1.8 1.199268992 0.04187939604)
(2 1.199268992 0.04187939604)
(1 1.399147158 0.04885929538)
(1.2 1.399147158 0.04885929538)
(1.4 1.399147158 0.04885929538)
(1.6 1.399147158 0.04885929538)
(1.8 1.399147158 0.04885929538)
(2 1.399147158 0.04885929538)
(1 1.599025323 0.05583919472)
(1.2 1.599025323 0.05583919472)
(1.4 1.599025323 0.05583919472)
(1.6 1.599025323 0.05583919472)
(1.8 1.599025323 0.05583919472)
(2 1.599025323 0.05583919472)
(1 1.798903489 0.06281909406)
(1.2 1.798903489 0.06281909406)
(1.4 1.798903489 0.06281909406)
(1.6 1.798903489 0.06281909406)
(1.8 1.798903489 0.06281909406)
(2 1.798903489 0.06281909406)
(1 1.998781654 0.06979899341)
(1.2 1.998781654 0.06979899341)
(1.4 1.998781654 0.06979899341)
(1.6 1.998781654 0.06979899341)
(1.8 1.998781654 0.06979899341)
(2 1.998781654 0.06979899341)
)


// ************************************************************************* //
