// Generated by postprocess/sample_wall_profiles.py
// Reuses fields from the preceding yPlusWall and wallShear function objects.
upstreamWallSurface
{ type surfaces; libs ("libsampling.so"); writeControl onEnd;
  surfaceFormat raw; fields (wallShearStress yPlus); interpolate false;
  surfaces ( wall { type patch; patches (upperWall); } ); }
upstreamProfiles
{ type sets; libs ("libsampling.so"); writeControl onEnd;
  interpolationScheme cellPointFace; setFormat csv; fields (U k epsilon nut);
  sets (
expansion_4D { type cloud; axis y; points ( (2.6 0.0499690416555 0) (2.6 0.0499690169954 0) (2.6 0.0499689911183 0) (2.6 0.0499689639641 0) (2.6 0.0499689354699 0) (2.6 0.0499689055695 0) (2.6 0.0499688741934 0) (2.6 0.049968841269 0) (2.6 0.0499688067197 0) (2.6 0.0499687704654 0) (2.6 0.049968732422 0) (2.6 0.0499686925011 0) (2.6 0.0499686506101 0) (2.6 0.0499686066517 0) (2.6 0.049968560524 0) (2.6 0.0499685121199 0) (2.6 0.049968461327 0) (2.6 0.0499684080274 0) (2.6 0.0499683520976 0) (2.6 0.0499682934075 0) (2.6 0.0499682318211 0) (2.6 0.0499681671954 0) (2.6 0.0499680993803 0) (2.6 0.0499680282186 0) (2.6 0.049967953545 0) (2.6 0.0499678751863 0) (2.6 0.0499677929605 0) (2.6 0.0499677066769 0) (2.6 0.0499676161351 0) (2.6 0.0499675211251 0) (2.6 0.0499674214263 0) (2.6 0.0499673168073 0) (2.6 0.0499672070254 0) (2.6 0.0499670918256 0) (2.6 0.0499669709408 0) (2.6 0.0499668440902 0) (2.6 0.0499667109795 0) (2.6 0.0499665712997 0) (2.6 0.0499664247267 0) (2.6 0.0499662709203 0) (2.6 0.0499661095235 0) (2.6 0.0499659401617 0) (2.6 0.0499657624418 0) (2.6 0.0499655759514 0) (2.6 0.0499653802576 0) (2.6 0.0499651749063 0) (2.6 0.0499649594209 0) (2.6 0.0499647333011 0) (2.6 0.0499644960223 0) (2.6 0.0499642470337 0) (2.6 0.0499639857574 0) (2.6 0.049963711587 0) (2.6 0.0499634238863 0) (2.6 0.0499631219874 0) (2.6 0.0499628051897 0) (2.6 0.0499624727579 0) (2.6 0.0499621239205 0) (2.6 0.0499617578679 0) (2.6 0.0499613737505 0) (2.6 0.0499609706767 0) (2.6 0.0499605477112 0) (2.6 0.0499601038721 0) (2.6 0.0499596381295 0) (2.6 0.0499591494022 0) (2.6 0.0499586365562 0) (2.6 0.049958098401 0) (2.6 0.0499575336877 0) (2.6 0.0499569411056 0) (2.6 0.0499563192793 0) (2.6 0.0499556667658 0) (2.6 0.0499549820505 0) (2.6 0.0499542635442 0) (2.6 0.0499535095795 0) (2.6 0.0499527184063 0) (2.6 0.0499518881885 0) (2.6 0.0499510169992 0) (2.6 0.0499501028163 0) (2.6 0.0499491435183 0) (2.6 0.0499481368786 0) (2.6 0.0499470805609 0) (2.6 0.0499459721136 0) (2.6 0.049944808964 0) (2.6 0.0499435884126 0) (2.6 0.0499423076266 0) (2.6 0.0499409636334 0) (2.6 0.0499395533137 0) (2.6 0.0499380733943 0) (2.6 0.0499365204404 0) (2.6 0.0499348908476 0) (2.6 0.049933180834 0) (2.6 0.0499313864306 0) (2.6 0.0499295034728 0) (2.6 0.0499275275904 0) (2.6 0.0499254541976 0) (2.6 0.0499232784822 0) (2.6 0.0499209953945 0) (2.6 0.0499185996357 0) (2.6 0.0499160856454 0) (2.6 0.0499134475889 0) (2.6 0.0499106793434 0) (2.6 0.0499077744841 0) (2.6 0.049904726269 0) (2.6 0.0499015276235 0) (2.6 0.0498981711238 0) (2.6 0.0498946489798 0) (2.6 0.0498909530168 0) (2.6 0.0498870746569 0) (2.6 0.0498830048986 0) (2.6 0.0498787342964 0) (2.6 0.0498742529385 0) (2.6 0.0498695504243 0) (2.6 0.0498646158393 0) (2.6 0.0498594377311 0) (2.6 0.0498540040814 0) (2.6 0.0498483022794 0) (2.6 0.0498423190916 0) (2.6 0.0498360406316 0) (2.6 0.0498294523275 0) (2.6 0.0498225388884 0) (2.6 0.0498152842688 0) (2.6 0.0498076716314 0) (2.6 0.0497996833078 0) (2.6 0.0497913007579 0) (2.6 0.0497825045264 0) (2.6 0.049773274198 0) (2.6 0.0497635883499 0) (2.6 0.049753424502 0) (2.6 0.0497427590648 0) (2.6 0.0497315672849 0) (2.6 0.049719823187 0) (2.6 0.049707499514 0) (2.6 0.0496945676637 0) (2.6 0.0496809976224 0) (2.6 0.0496667578951 0) (2.6 0.0496518154326 0) (2.6 0.0496361355548 0) (2.6 0.0496196818698 0) (2.6 0.0496024161901 0) (2.6 0.0495842984434 0) (2.6 0.04956528658 0) (2.6 0.049545336475 0) (2.6 0.0495244018258 0) (2.6 0.0495024340447 0) (2.6 0.0494793821465 0) (2.6 0.0494551926296 0) (2.6 0.0494298093522 0) (2.6 0.0494031734017 0) (2.6 0.0493752229583 0) (2.6 0.0493458931514 0) (2.6 0.049315115909 0) (2.6 0.0492828197996 0) (2.6 0.0492489298666 0) (2.6 0.0492133674544 0) (2.6 0.0491760500255 0) (2.6 0.0491368909693 0) (2.6 0.0490957994009 0) (2.6 0.0490526799502 0) (2.6 0.0490074325405 0) (2.6 0.0489599521563 0) (2.6 0.0489101285996 0) (2.6 0.0488578462342 0) (2.6 0.0488029837169 0) (2.6 0.0487454137165 0) (2.6 0.0486850026177 0) (2.6 0.0486216102115 0) (2.6 0.0485550893693 0) (2.6 0.0484852857018 0) (2.6 0.0484120372006 0) (2.6 0.0483351738618 0) (2.6 0.0482545172922 0) (2.6 0.0481698802945 0) (2.6 0.0480810664333 0) (2.6 0.047987869579 0) (2.6 0.0478900734295 0) (2.6 0.0477874510081 0) (2.6 0.0476797641367 0) (2.6 0.0475667628829 0) (2.6 0.0474481849804 0) (2.6 0.0473237552196 0) (2.6 0.0471931848095 0) (2.6 0.047056170707 0) (2.6 0.0469123949137 0) (2.6 0.0467615237381 0) (2.6 0.0466032070206 0) (2.6 0.0464370773214 0) (2.6 0.0462627490673 0) (2.6 0.0460798176569 0) (2.6 0.0458878585216 0) (2.6 0.0456864261402 0) (2.6 0.045475053005 0) (2.6 0.0452532485365 0) (2.6 0.045020497945 0) (2.6 0.0447762610358 0) (2.6 0.0445199709553 0) (2.6 0.0442510328755 0) (2.6 0.0439688226137 0) (2.6 0.0436726851832 0) (2.6 0.0433619332737 0) (2.6 0.043035845656 0) (2.6 0.0426936655078 0) (2.6 0.0423345986575 0) (2.6 0.0419578117407 0) (2.6 0.0415624302666 0) (2.6 0.0411475365874 0) (2.6 0.0407121677697 0) (2.6 0.0402553133585 0) (2.6 0.0397759130328 0) (2.6 0.0392728541444 0) (2.6 0.0387449691355 0) (2.6 0.0381910328289 0) (2.6 0.0376097595846 0) (2.6 0.0369998003158 0) (2.6 0.0363597393577 0) (2.6 0.0356880911821 0) (2.6 0.0349832969497 0) (2.6 0.0342437208916 0) (2.6 0.0334676465133 0) (2.6 0.0326532726109 0) (2.6 0.0317987090903 0) (2.6 0.0309019725807 0) (2.6 0.0299609818313 0) (2.6 0.028973552881 0) (2.6 0.0279373939894 0) (2.6 0.0268501003178 0) (2.6 0.0257091483483 0) (2.6 0.0245118900263 0) (2.6 0.0232555466148 0) (2.6 0.0219372022455 0) (2.6 0.0205537971508 0) (2.6 0.0191021205626 0) (2.6 0.0175788032604 0) (2.6 0.0159803097516 0) (2.6 0.0143029300658 0) (2.6 0.0125427711444 0) (2.6 0.0106957478051 0) (2.6 0.00875757326046 0) (2.6 0.00672374916872 0) (2.6 0.00458955519348 0) (2.6 0.00235003804819 0) (2.6 4.9969541351e-08 0) ); }
expansion_3D { type cloud; axis y; points ( (2.7 0.0499690416555 0) (2.7 0.0499690169954 0) (2.7 0.0499689911183 0) (2.7 0.0499689639641 0) (2.7 0.0499689354699 0) (2.7 0.0499689055695 0) (2.7 0.0499688741934 0) (2.7 0.049968841269 0) (2.7 0.0499688067197 0) (2.7 0.0499687704654 0) (2.7 0.049968732422 0) (2.7 0.0499686925011 0) (2.7 0.0499686506101 0) (2.7 0.0499686066517 0) (2.7 0.049968560524 0) (2.7 0.0499685121199 0) (2.7 0.049968461327 0) (2.7 0.0499684080274 0) (2.7 0.0499683520976 0) (2.7 0.0499682934075 0) (2.7 0.0499682318211 0) (2.7 0.0499681671954 0) (2.7 0.0499680993803 0) (2.7 0.0499680282186 0) (2.7 0.049967953545 0) (2.7 0.0499678751863 0) (2.7 0.0499677929605 0) (2.7 0.0499677066769 0) (2.7 0.0499676161351 0) (2.7 0.0499675211251 0) (2.7 0.0499674214263 0) (2.7 0.0499673168073 0) (2.7 0.0499672070254 0) (2.7 0.0499670918256 0) (2.7 0.0499669709408 0) (2.7 0.0499668440902 0) (2.7 0.0499667109795 0) (2.7 0.0499665712997 0) (2.7 0.0499664247267 0) (2.7 0.0499662709203 0) (2.7 0.0499661095235 0) (2.7 0.0499659401617 0) (2.7 0.0499657624418 0) (2.7 0.0499655759514 0) (2.7 0.0499653802576 0) (2.7 0.0499651749063 0) (2.7 0.0499649594209 0) (2.7 0.0499647333011 0) (2.7 0.0499644960223 0) (2.7 0.0499642470337 0) (2.7 0.0499639857574 0) (2.7 0.049963711587 0) (2.7 0.0499634238863 0) (2.7 0.0499631219874 0) (2.7 0.0499628051897 0) (2.7 0.0499624727579 0) (2.7 0.0499621239205 0) (2.7 0.0499617578679 0) (2.7 0.0499613737505 0) (2.7 0.0499609706767 0) (2.7 0.0499605477112 0) (2.7 0.0499601038721 0) (2.7 0.0499596381295 0) (2.7 0.0499591494022 0) (2.7 0.0499586365562 0) (2.7 0.049958098401 0) (2.7 0.0499575336877 0) (2.7 0.0499569411056 0) (2.7 0.0499563192793 0) (2.7 0.0499556667658 0) (2.7 0.0499549820505 0) (2.7 0.0499542635442 0) (2.7 0.0499535095795 0) (2.7 0.0499527184063 0) (2.7 0.0499518881885 0) (2.7 0.0499510169992 0) (2.7 0.0499501028163 0) (2.7 0.0499491435183 0) (2.7 0.0499481368786 0) (2.7 0.0499470805609 0) (2.7 0.0499459721136 0) (2.7 0.049944808964 0) (2.7 0.0499435884126 0) (2.7 0.0499423076266 0) (2.7 0.0499409636334 0) (2.7 0.0499395533137 0) (2.7 0.0499380733943 0) (2.7 0.0499365204404 0) (2.7 0.0499348908476 0) (2.7 0.049933180834 0) (2.7 0.0499313864306 0) (2.7 0.0499295034728 0) (2.7 0.0499275275904 0) (2.7 0.0499254541976 0) (2.7 0.0499232784822 0) (2.7 0.0499209953945 0) (2.7 0.0499185996357 0) (2.7 0.0499160856454 0) (2.7 0.0499134475889 0) (2.7 0.0499106793434 0) (2.7 0.0499077744841 0) (2.7 0.049904726269 0) (2.7 0.0499015276235 0) (2.7 0.0498981711238 0) (2.7 0.0498946489798 0) (2.7 0.0498909530168 0) (2.7 0.0498870746569 0) (2.7 0.0498830048986 0) (2.7 0.0498787342964 0) (2.7 0.0498742529385 0) (2.7 0.0498695504243 0) (2.7 0.0498646158393 0) (2.7 0.0498594377311 0) (2.7 0.0498540040814 0) (2.7 0.0498483022794 0) (2.7 0.0498423190916 0) (2.7 0.0498360406316 0) (2.7 0.0498294523275 0) (2.7 0.0498225388884 0) (2.7 0.0498152842688 0) (2.7 0.0498076716314 0) (2.7 0.0497996833078 0) (2.7 0.0497913007579 0) (2.7 0.0497825045264 0) (2.7 0.049773274198 0) (2.7 0.0497635883499 0) (2.7 0.049753424502 0) (2.7 0.0497427590648 0) (2.7 0.0497315672849 0) (2.7 0.049719823187 0) (2.7 0.049707499514 0) (2.7 0.0496945676637 0) (2.7 0.0496809976224 0) (2.7 0.0496667578951 0) (2.7 0.0496518154326 0) (2.7 0.0496361355548 0) (2.7 0.0496196818698 0) (2.7 0.0496024161901 0) (2.7 0.0495842984434 0) (2.7 0.04956528658 0) (2.7 0.049545336475 0) (2.7 0.0495244018258 0) (2.7 0.0495024340447 0) (2.7 0.0494793821465 0) (2.7 0.0494551926296 0) (2.7 0.0494298093522 0) (2.7 0.0494031734017 0) (2.7 0.0493752229583 0) (2.7 0.0493458931514 0) (2.7 0.049315115909 0) (2.7 0.0492828197996 0) (2.7 0.0492489298666 0) (2.7 0.0492133674544 0) (2.7 0.0491760500255 0) (2.7 0.0491368909693 0) (2.7 0.0490957994009 0) (2.7 0.0490526799502 0) (2.7 0.0490074325405 0) (2.7 0.0489599521563 0) (2.7 0.0489101285996 0) (2.7 0.0488578462342 0) (2.7 0.0488029837169 0) (2.7 0.0487454137165 0) (2.7 0.0486850026177 0) (2.7 0.0486216102115 0) (2.7 0.0485550893693 0) (2.7 0.0484852857018 0) (2.7 0.0484120372006 0) (2.7 0.0483351738618 0) (2.7 0.0482545172922 0) (2.7 0.0481698802945 0) (2.7 0.0480810664333 0) (2.7 0.047987869579 0) (2.7 0.0478900734295 0) (2.7 0.0477874510081 0) (2.7 0.0476797641367 0) (2.7 0.0475667628829 0) (2.7 0.0474481849804 0) (2.7 0.0473237552196 0) (2.7 0.0471931848095 0) (2.7 0.047056170707 0) (2.7 0.0469123949137 0) (2.7 0.0467615237381 0) (2.7 0.0466032070206 0) (2.7 0.0464370773214 0) (2.7 0.0462627490673 0) (2.7 0.0460798176569 0) (2.7 0.0458878585216 0) (2.7 0.0456864261402 0) (2.7 0.045475053005 0) (2.7 0.0452532485365 0) (2.7 0.045020497945 0) (2.7 0.0447762610358 0) (2.7 0.0445199709553 0) (2.7 0.0442510328755 0) (2.7 0.0439688226137 0) (2.7 0.0436726851832 0) (2.7 0.0433619332737 0) (2.7 0.043035845656 0) (2.7 0.0426936655078 0) (2.7 0.0423345986575 0) (2.7 0.0419578117407 0) (2.7 0.0415624302666 0) (2.7 0.0411475365874 0) (2.7 0.0407121677697 0) (2.7 0.0402553133585 0) (2.7 0.0397759130328 0) (2.7 0.0392728541444 0) (2.7 0.0387449691355 0) (2.7 0.0381910328289 0) (2.7 0.0376097595846 0) (2.7 0.0369998003158 0) (2.7 0.0363597393577 0) (2.7 0.0356880911821 0) (2.7 0.0349832969497 0) (2.7 0.0342437208916 0) (2.7 0.0334676465133 0) (2.7 0.0326532726109 0) (2.7 0.0317987090903 0) (2.7 0.0309019725807 0) (2.7 0.0299609818313 0) (2.7 0.028973552881 0) (2.7 0.0279373939894 0) (2.7 0.0268501003178 0) (2.7 0.0257091483483 0) (2.7 0.0245118900263 0) (2.7 0.0232555466148 0) (2.7 0.0219372022455 0) (2.7 0.0205537971508 0) (2.7 0.0191021205626 0) (2.7 0.0175788032604 0) (2.7 0.0159803097516 0) (2.7 0.0143029300658 0) (2.7 0.0125427711444 0) (2.7 0.0106957478051 0) (2.7 0.00875757326046 0) (2.7 0.00672374916872 0) (2.7 0.00458955519348 0) (2.7 0.00235003804819 0) (2.7 4.9969541351e-08 0) ); }
expansion_2D { type cloud; axis y; points ( (2.8 0.0499690416555 0) (2.8 0.0499690169954 0) (2.8 0.0499689911183 0) (2.8 0.0499689639641 0) (2.8 0.0499689354699 0) (2.8 0.0499689055695 0) (2.8 0.0499688741934 0) (2.8 0.049968841269 0) (2.8 0.0499688067197 0) (2.8 0.0499687704654 0) (2.8 0.049968732422 0) (2.8 0.0499686925011 0) (2.8 0.0499686506101 0) (2.8 0.0499686066517 0) (2.8 0.049968560524 0) (2.8 0.0499685121199 0) (2.8 0.049968461327 0) (2.8 0.0499684080274 0) (2.8 0.0499683520976 0) (2.8 0.0499682934075 0) (2.8 0.0499682318211 0) (2.8 0.0499681671954 0) (2.8 0.0499680993803 0) (2.8 0.0499680282186 0) (2.8 0.049967953545 0) (2.8 0.0499678751863 0) (2.8 0.0499677929605 0) (2.8 0.0499677066769 0) (2.8 0.0499676161351 0) (2.8 0.0499675211251 0) (2.8 0.0499674214263 0) (2.8 0.0499673168073 0) (2.8 0.0499672070254 0) (2.8 0.0499670918256 0) (2.8 0.0499669709408 0) (2.8 0.0499668440902 0) (2.8 0.0499667109795 0) (2.8 0.0499665712997 0) (2.8 0.0499664247267 0) (2.8 0.0499662709203 0) (2.8 0.0499661095235 0) (2.8 0.0499659401617 0) (2.8 0.0499657624418 0) (2.8 0.0499655759514 0) (2.8 0.0499653802576 0) (2.8 0.0499651749063 0) (2.8 0.0499649594209 0) (2.8 0.0499647333011 0) (2.8 0.0499644960223 0) (2.8 0.0499642470337 0) (2.8 0.0499639857574 0) (2.8 0.049963711587 0) (2.8 0.0499634238863 0) (2.8 0.0499631219874 0) (2.8 0.0499628051897 0) (2.8 0.0499624727579 0) (2.8 0.0499621239205 0) (2.8 0.0499617578679 0) (2.8 0.0499613737505 0) (2.8 0.0499609706767 0) (2.8 0.0499605477112 0) (2.8 0.0499601038721 0) (2.8 0.0499596381295 0) (2.8 0.0499591494022 0) (2.8 0.0499586365562 0) (2.8 0.049958098401 0) (2.8 0.0499575336877 0) (2.8 0.0499569411056 0) (2.8 0.0499563192793 0) (2.8 0.0499556667658 0) (2.8 0.0499549820505 0) (2.8 0.0499542635442 0) (2.8 0.0499535095795 0) (2.8 0.0499527184063 0) (2.8 0.0499518881885 0) (2.8 0.0499510169992 0) (2.8 0.0499501028163 0) (2.8 0.0499491435183 0) (2.8 0.0499481368786 0) (2.8 0.0499470805609 0) (2.8 0.0499459721136 0) (2.8 0.049944808964 0) (2.8 0.0499435884126 0) (2.8 0.0499423076266 0) (2.8 0.0499409636334 0) (2.8 0.0499395533137 0) (2.8 0.0499380733943 0) (2.8 0.0499365204404 0) (2.8 0.0499348908476 0) (2.8 0.049933180834 0) (2.8 0.0499313864306 0) (2.8 0.0499295034728 0) (2.8 0.0499275275904 0) (2.8 0.0499254541976 0) (2.8 0.0499232784822 0) (2.8 0.0499209953945 0) (2.8 0.0499185996357 0) (2.8 0.0499160856454 0) (2.8 0.0499134475889 0) (2.8 0.0499106793434 0) (2.8 0.0499077744841 0) (2.8 0.049904726269 0) (2.8 0.0499015276235 0) (2.8 0.0498981711238 0) (2.8 0.0498946489798 0) (2.8 0.0498909530168 0) (2.8 0.0498870746569 0) (2.8 0.0498830048986 0) (2.8 0.0498787342964 0) (2.8 0.0498742529385 0) (2.8 0.0498695504243 0) (2.8 0.0498646158393 0) (2.8 0.0498594377311 0) (2.8 0.0498540040814 0) (2.8 0.0498483022794 0) (2.8 0.0498423190916 0) (2.8 0.0498360406316 0) (2.8 0.0498294523275 0) (2.8 0.0498225388884 0) (2.8 0.0498152842688 0) (2.8 0.0498076716314 0) (2.8 0.0497996833078 0) (2.8 0.0497913007579 0) (2.8 0.0497825045264 0) (2.8 0.049773274198 0) (2.8 0.0497635883499 0) (2.8 0.049753424502 0) (2.8 0.0497427590648 0) (2.8 0.0497315672849 0) (2.8 0.049719823187 0) (2.8 0.049707499514 0) (2.8 0.0496945676637 0) (2.8 0.0496809976224 0) (2.8 0.0496667578951 0) (2.8 0.0496518154326 0) (2.8 0.0496361355548 0) (2.8 0.0496196818698 0) (2.8 0.0496024161901 0) (2.8 0.0495842984434 0) (2.8 0.04956528658 0) (2.8 0.049545336475 0) (2.8 0.0495244018258 0) (2.8 0.0495024340447 0) (2.8 0.0494793821465 0) (2.8 0.0494551926296 0) (2.8 0.0494298093522 0) (2.8 0.0494031734017 0) (2.8 0.0493752229583 0) (2.8 0.0493458931514 0) (2.8 0.049315115909 0) (2.8 0.0492828197996 0) (2.8 0.0492489298666 0) (2.8 0.0492133674544 0) (2.8 0.0491760500255 0) (2.8 0.0491368909693 0) (2.8 0.0490957994009 0) (2.8 0.0490526799502 0) (2.8 0.0490074325405 0) (2.8 0.0489599521563 0) (2.8 0.0489101285996 0) (2.8 0.0488578462342 0) (2.8 0.0488029837169 0) (2.8 0.0487454137165 0) (2.8 0.0486850026177 0) (2.8 0.0486216102115 0) (2.8 0.0485550893693 0) (2.8 0.0484852857018 0) (2.8 0.0484120372006 0) (2.8 0.0483351738618 0) (2.8 0.0482545172922 0) (2.8 0.0481698802945 0) (2.8 0.0480810664333 0) (2.8 0.047987869579 0) (2.8 0.0478900734295 0) (2.8 0.0477874510081 0) (2.8 0.0476797641367 0) (2.8 0.0475667628829 0) (2.8 0.0474481849804 0) (2.8 0.0473237552196 0) (2.8 0.0471931848095 0) (2.8 0.047056170707 0) (2.8 0.0469123949137 0) (2.8 0.0467615237381 0) (2.8 0.0466032070206 0) (2.8 0.0464370773214 0) (2.8 0.0462627490673 0) (2.8 0.0460798176569 0) (2.8 0.0458878585216 0) (2.8 0.0456864261402 0) (2.8 0.045475053005 0) (2.8 0.0452532485365 0) (2.8 0.045020497945 0) (2.8 0.0447762610358 0) (2.8 0.0445199709553 0) (2.8 0.0442510328755 0) (2.8 0.0439688226137 0) (2.8 0.0436726851832 0) (2.8 0.0433619332737 0) (2.8 0.043035845656 0) (2.8 0.0426936655078 0) (2.8 0.0423345986575 0) (2.8 0.0419578117407 0) (2.8 0.0415624302666 0) (2.8 0.0411475365874 0) (2.8 0.0407121677697 0) (2.8 0.0402553133585 0) (2.8 0.0397759130328 0) (2.8 0.0392728541444 0) (2.8 0.0387449691355 0) (2.8 0.0381910328289 0) (2.8 0.0376097595846 0) (2.8 0.0369998003158 0) (2.8 0.0363597393577 0) (2.8 0.0356880911821 0) (2.8 0.0349832969497 0) (2.8 0.0342437208916 0) (2.8 0.0334676465133 0) (2.8 0.0326532726109 0) (2.8 0.0317987090903 0) (2.8 0.0309019725807 0) (2.8 0.0299609818313 0) (2.8 0.028973552881 0) (2.8 0.0279373939894 0) (2.8 0.0268501003178 0) (2.8 0.0257091483483 0) (2.8 0.0245118900263 0) (2.8 0.0232555466148 0) (2.8 0.0219372022455 0) (2.8 0.0205537971508 0) (2.8 0.0191021205626 0) (2.8 0.0175788032604 0) (2.8 0.0159803097516 0) (2.8 0.0143029300658 0) (2.8 0.0125427711444 0) (2.8 0.0106957478051 0) (2.8 0.00875757326046 0) (2.8 0.00672374916872 0) (2.8 0.00458955519348 0) (2.8 0.00235003804819 0) (2.8 4.9969541351e-08 0) ); }
contraction_4D { type cloud; axis y; points ( (11.2 0.0999380833111 0) (11.2 0.0999380339908 0) (11.2 0.0999379822366 0) (11.2 0.0999379279283 0) (11.2 0.0999378709398 0) (11.2 0.0999378111389 0) (11.2 0.0999377483869 0) (11.2 0.099937682538 0) (11.2 0.0999376134395 0) (11.2 0.0999375409309 0) (11.2 0.099937464844 0) (11.2 0.0999373850022 0) (11.2 0.0999373012201 0) (11.2 0.0999372133034 0) (11.2 0.099937121048 0) (11.2 0.0999370242397 0) (11.2 0.099936922654 0) (11.2 0.0999368160549 0) (11.2 0.0999367041951 0) (11.2 0.099936586815 0) (11.2 0.0999364636422 0) (11.2 0.0999363343907 0) (11.2 0.0999361987607 0) (11.2 0.0999360564372 0) (11.2 0.0999359070901 0) (11.2 0.0999357503726 0) (11.2 0.0999355859211 0) (11.2 0.0999354133538 0) (11.2 0.0999352322703 0) (11.2 0.0999350422502 0) (11.2 0.0999348428526 0) (11.2 0.0999346336146 0) (11.2 0.0999344140507 0) (11.2 0.0999341836513 0) (11.2 0.0999339418815 0) (11.2 0.0999336881804 0) (11.2 0.099933421959 0) (11.2 0.0999331425994 0) (11.2 0.0999328494534 0) (11.2 0.0999325418406 0) (11.2 0.099932219047 0) (11.2 0.0999318803233 0) (11.2 0.0999315248836 0) (11.2 0.0999311519028 0) (11.2 0.0999307605153 0) (11.2 0.0999303498126 0) (11.2 0.0999299188417 0) (11.2 0.0999294666022 0) (11.2 0.0999289920446 0) (11.2 0.0999284940673 0) (11.2 0.0999279715147 0) (11.2 0.099927423174 0) (11.2 0.0999268477725 0) (11.2 0.0999262439747 0) (11.2 0.0999256103794 0) (11.2 0.0999249455158 0) (11.2 0.0999242478411 0) (11.2 0.0999235157359 0) (11.2 0.099922747501 0) (11.2 0.0999219413535 0) (11.2 0.0999210954224 0) (11.2 0.0999202077442 0) (11.2 0.0999192762589 0) (11.2 0.0999182988045 0) (11.2 0.0999172731123 0) (11.2 0.099916196802 0) (11.2 0.0999150673753 0) (11.2 0.0999138822111 0) (11.2 0.0999126385587 0) (11.2 0.0999113335315 0) (11.2 0.0999099641009 0) (11.2 0.0999085270884 0) (11.2 0.0999070191589 0) (11.2 0.0999054368126 0) (11.2 0.099903776377 0) (11.2 0.0999020339983 0) (11.2 0.0999002056327 0) (11.2 0.0998982870366 0) (11.2 0.0998962737572 0) (11.2 0.0998941611218 0) (11.2 0.0998919442271 0) (11.2 0.099889617928 0) (11.2 0.0998871768252 0) (11.2 0.0998846152533 0) (11.2 0.0998819272669 0) (11.2 0.0998791066275 0) (11.2 0.0998761467886 0) (11.2 0.0998730408807 0) (11.2 0.0998697816953 0) (11.2 0.099866361668 0) (11.2 0.0998627728612 0) (11.2 0.0998590069456 0) (11.2 0.0998550551808 0) (11.2 0.0998509083952 0) (11.2 0.0998465569644 0) (11.2 0.099841990789 0) (11.2 0.0998371992714 0) (11.2 0.0998321712908 0) (11.2 0.0998268951777 0) (11.2 0.0998213586867 0) (11.2 0.0998155489681 0) (11.2 0.099809452538 0) (11.2 0.099803055247 0) (11.2 0.0997963422477 0) (11.2 0.0997892979596 0) (11.2 0.0997819060337 0) (11.2 0.0997741493137 0) (11.2 0.0997660097971 0) (11.2 0.0997574685927 0) (11.2 0.0997485058771 0) (11.2 0.0997391008485 0) (11.2 0.0997292316787 0) (11.2 0.0997188754621 0) (11.2 0.0997080081629 0) (11.2 0.0996966045589 0) (11.2 0.0996846381833 0) (11.2 0.0996720812632 0) (11.2 0.0996589046549 0) (11.2 0.0996450777767 0) (11.2 0.0996305685376 0) (11.2 0.0996153432628 0) (11.2 0.0995993666157 0) (11.2 0.0995826015158 0) (11.2 0.0995650090528 0) (11.2 0.099546548396 0) (11.2 0.0995271766997 0) (11.2 0.0995068490039 0) (11.2 0.0994855181297 0) (11.2 0.0994631345698 0) (11.2 0.099439646374 0) (11.2 0.099414999028 0) (11.2 0.0993891353275 0) (11.2 0.0993619952448 0) (11.2 0.0993335157903 0) (11.2 0.0993036308653 0) (11.2 0.0992722711095 0) (11.2 0.0992393637395 0) (11.2 0.0992048323801 0) (11.2 0.0991685968868 0) (11.2 0.0991305731601 0) (11.2 0.09909067295 0) (11.2 0.0990488036515 0) (11.2 0.0990048680895 0) (11.2 0.0989587642931 0) (11.2 0.0989103852593 0) (11.2 0.0988596187043 0) (11.2 0.0988063468033 0) (11.2 0.0987504459166 0) (11.2 0.0986917863028 0) (11.2 0.098630231818 0) (11.2 0.0985656395992 0) (11.2 0.0984978597333 0) (11.2 0.0984267349088 0) (11.2 0.0983521000511 0) (11.2 0.0982737819387 0) (11.2 0.0981915988018 0) (11.2 0.0981053599004 0) (11.2 0.0980148650809 0) (11.2 0.0979199043126 0) (11.2 0.0978202571993 0) (11.2 0.0977156924684 0) (11.2 0.0976059674338 0) (11.2 0.097490827433 0) (11.2 0.0973700052354 0) (11.2 0.097243220423 0) (11.2 0.0971101787386 0) (11.2 0.0969705714037 0) (11.2 0.0968240744011 0) (11.2 0.0966703477236 0) (11.2 0.0965090345843 0) (11.2 0.0963397605889 0) (11.2 0.0961621328665 0) (11.2 0.095975739158 0) (11.2 0.095780146859 0) (11.2 0.0955749020162 0) (11.2 0.0953595282733 0) (11.2 0.0951335257658 0) (11.2 0.0948963699608 0) (11.2 0.0946475104392 0) (11.2 0.094386369619 0) (11.2 0.094112341414 0) (11.2 0.0938247898274 0) (11.2 0.0935230474762 0) (11.2 0.0932064140413 0) (11.2 0.0928741546429 0) (11.2 0.0925254981346 0) (11.2 0.0921596353138 0) (11.2 0.0917757170431 0) (11.2 0.0913728522804 0) (11.2 0.09095010601 0) (11.2 0.090506497073 0) (11.2 0.09004099589 0) (11.2 0.0895525220715 0) (11.2 0.0890399419105 0) (11.2 0.088502065751 0) (11.2 0.0879376452273 0) (11.2 0.0873453703664 0) (11.2 0.0867238665475 0) (11.2 0.086071691312 0) (11.2 0.0853873310156 0) (11.2 0.0846691973149 0) (11.2 0.0839156234815 0) (11.2 0.0831248605331 0) (11.2 0.0822950731749 0) (11.2 0.0814243355393 0) (11.2 0.080510626717 0) (11.2 0.0795518260656 0) (11.2 0.0785457082889 0) (11.2 0.0774899382711 0) (11.2 0.0763820656579 0) (11.2 0.0752195191692 0) (11.2 0.0739996006315 0) (11.2 0.0727194787153 0) (11.2 0.0713761823643 0) (11.2 0.0699665938994 0) (11.2 0.0684874417831 0) (11.2 0.0669352930266 0) (11.2 0.0653065452218 0) (11.2 0.0635974181806 0) (11.2 0.0618039451614 0) (11.2 0.0599219636627 0) (11.2 0.0579471057621 0) (11.2 0.0558747879787 0) (11.2 0.0537002006356 0) (11.2 0.0514182966966 0) (11.2 0.0490237800525 0) (11.2 0.0465110932296 0) (11.2 0.043874404491 0) (11.2 0.0411075943015 0) (11.2 0.0382042411251 0) (11.2 0.0351576065208 0) (11.2 0.0319606195032 0) (11.2 0.0286058601316 0) (11.2 0.0250855422888 0) (11.2 0.0213914956102 0) (11.2 0.0175151465209 0) (11.2 0.0134474983374 0) (11.2 0.00917911038696 0) (11.2 0.00470007609639 0) (11.2 9.99390827019e-08 0) ); }
contraction_3D { type cloud; axis y; points ( (11.4 0.0999380833111 0) (11.4 0.0999380339908 0) (11.4 0.0999379822366 0) (11.4 0.0999379279283 0) (11.4 0.0999378709398 0) (11.4 0.0999378111389 0) (11.4 0.0999377483869 0) (11.4 0.099937682538 0) (11.4 0.0999376134395 0) (11.4 0.0999375409309 0) (11.4 0.099937464844 0) (11.4 0.0999373850022 0) (11.4 0.0999373012201 0) (11.4 0.0999372133034 0) (11.4 0.099937121048 0) (11.4 0.0999370242397 0) (11.4 0.099936922654 0) (11.4 0.0999368160549 0) (11.4 0.0999367041951 0) (11.4 0.099936586815 0) (11.4 0.0999364636422 0) (11.4 0.0999363343907 0) (11.4 0.0999361987607 0) (11.4 0.0999360564372 0) (11.4 0.0999359070901 0) (11.4 0.0999357503726 0) (11.4 0.0999355859211 0) (11.4 0.0999354133538 0) (11.4 0.0999352322703 0) (11.4 0.0999350422502 0) (11.4 0.0999348428526 0) (11.4 0.0999346336146 0) (11.4 0.0999344140507 0) (11.4 0.0999341836513 0) (11.4 0.0999339418815 0) (11.4 0.0999336881804 0) (11.4 0.099933421959 0) (11.4 0.0999331425994 0) (11.4 0.0999328494534 0) (11.4 0.0999325418406 0) (11.4 0.099932219047 0) (11.4 0.0999318803233 0) (11.4 0.0999315248836 0) (11.4 0.0999311519028 0) (11.4 0.0999307605153 0) (11.4 0.0999303498126 0) (11.4 0.0999299188417 0) (11.4 0.0999294666022 0) (11.4 0.0999289920446 0) (11.4 0.0999284940673 0) (11.4 0.0999279715147 0) (11.4 0.099927423174 0) (11.4 0.0999268477725 0) (11.4 0.0999262439747 0) (11.4 0.0999256103794 0) (11.4 0.0999249455158 0) (11.4 0.0999242478411 0) (11.4 0.0999235157359 0) (11.4 0.099922747501 0) (11.4 0.0999219413535 0) (11.4 0.0999210954224 0) (11.4 0.0999202077442 0) (11.4 0.0999192762589 0) (11.4 0.0999182988045 0) (11.4 0.0999172731123 0) (11.4 0.099916196802 0) (11.4 0.0999150673753 0) (11.4 0.0999138822111 0) (11.4 0.0999126385587 0) (11.4 0.0999113335315 0) (11.4 0.0999099641009 0) (11.4 0.0999085270884 0) (11.4 0.0999070191589 0) (11.4 0.0999054368126 0) (11.4 0.099903776377 0) (11.4 0.0999020339983 0) (11.4 0.0999002056327 0) (11.4 0.0998982870366 0) (11.4 0.0998962737572 0) (11.4 0.0998941611218 0) (11.4 0.0998919442271 0) (11.4 0.099889617928 0) (11.4 0.0998871768252 0) (11.4 0.0998846152533 0) (11.4 0.0998819272669 0) (11.4 0.0998791066275 0) (11.4 0.0998761467886 0) (11.4 0.0998730408807 0) (11.4 0.0998697816953 0) (11.4 0.099866361668 0) (11.4 0.0998627728612 0) (11.4 0.0998590069456 0) (11.4 0.0998550551808 0) (11.4 0.0998509083952 0) (11.4 0.0998465569644 0) (11.4 0.099841990789 0) (11.4 0.0998371992714 0) (11.4 0.0998321712908 0) (11.4 0.0998268951777 0) (11.4 0.0998213586867 0) (11.4 0.0998155489681 0) (11.4 0.099809452538 0) (11.4 0.099803055247 0) (11.4 0.0997963422477 0) (11.4 0.0997892979596 0) (11.4 0.0997819060337 0) (11.4 0.0997741493137 0) (11.4 0.0997660097971 0) (11.4 0.0997574685927 0) (11.4 0.0997485058771 0) (11.4 0.0997391008485 0) (11.4 0.0997292316787 0) (11.4 0.0997188754621 0) (11.4 0.0997080081629 0) (11.4 0.0996966045589 0) (11.4 0.0996846381833 0) (11.4 0.0996720812632 0) (11.4 0.0996589046549 0) (11.4 0.0996450777767 0) (11.4 0.0996305685376 0) (11.4 0.0996153432628 0) (11.4 0.0995993666157 0) (11.4 0.0995826015158 0) (11.4 0.0995650090528 0) (11.4 0.099546548396 0) (11.4 0.0995271766997 0) (11.4 0.0995068490039 0) (11.4 0.0994855181297 0) (11.4 0.0994631345698 0) (11.4 0.099439646374 0) (11.4 0.099414999028 0) (11.4 0.0993891353275 0) (11.4 0.0993619952448 0) (11.4 0.0993335157903 0) (11.4 0.0993036308653 0) (11.4 0.0992722711095 0) (11.4 0.0992393637395 0) (11.4 0.0992048323801 0) (11.4 0.0991685968868 0) (11.4 0.0991305731601 0) (11.4 0.09909067295 0) (11.4 0.0990488036515 0) (11.4 0.0990048680895 0) (11.4 0.0989587642931 0) (11.4 0.0989103852593 0) (11.4 0.0988596187043 0) (11.4 0.0988063468033 0) (11.4 0.0987504459166 0) (11.4 0.0986917863028 0) (11.4 0.098630231818 0) (11.4 0.0985656395992 0) (11.4 0.0984978597333 0) (11.4 0.0984267349088 0) (11.4 0.0983521000511 0) (11.4 0.0982737819387 0) (11.4 0.0981915988018 0) (11.4 0.0981053599004 0) (11.4 0.0980148650809 0) (11.4 0.0979199043126 0) (11.4 0.0978202571993 0) (11.4 0.0977156924684 0) (11.4 0.0976059674338 0) (11.4 0.097490827433 0) (11.4 0.0973700052354 0) (11.4 0.097243220423 0) (11.4 0.0971101787386 0) (11.4 0.0969705714037 0) (11.4 0.0968240744011 0) (11.4 0.0966703477236 0) (11.4 0.0965090345843 0) (11.4 0.0963397605889 0) (11.4 0.0961621328665 0) (11.4 0.095975739158 0) (11.4 0.095780146859 0) (11.4 0.0955749020162 0) (11.4 0.0953595282733 0) (11.4 0.0951335257658 0) (11.4 0.0948963699608 0) (11.4 0.0946475104392 0) (11.4 0.094386369619 0) (11.4 0.094112341414 0) (11.4 0.0938247898274 0) (11.4 0.0935230474762 0) (11.4 0.0932064140413 0) (11.4 0.0928741546429 0) (11.4 0.0925254981346 0) (11.4 0.0921596353138 0) (11.4 0.0917757170431 0) (11.4 0.0913728522804 0) (11.4 0.09095010601 0) (11.4 0.090506497073 0) (11.4 0.09004099589 0) (11.4 0.0895525220715 0) (11.4 0.0890399419105 0) (11.4 0.088502065751 0) (11.4 0.0879376452273 0) (11.4 0.0873453703664 0) (11.4 0.0867238665475 0) (11.4 0.086071691312 0) (11.4 0.0853873310156 0) (11.4 0.0846691973149 0) (11.4 0.0839156234815 0) (11.4 0.0831248605331 0) (11.4 0.0822950731749 0) (11.4 0.0814243355393 0) (11.4 0.080510626717 0) (11.4 0.0795518260656 0) (11.4 0.0785457082889 0) (11.4 0.0774899382711 0) (11.4 0.0763820656579 0) (11.4 0.0752195191692 0) (11.4 0.0739996006315 0) (11.4 0.0727194787153 0) (11.4 0.0713761823643 0) (11.4 0.0699665938994 0) (11.4 0.0684874417831 0) (11.4 0.0669352930266 0) (11.4 0.0653065452218 0) (11.4 0.0635974181806 0) (11.4 0.0618039451614 0) (11.4 0.0599219636627 0) (11.4 0.0579471057621 0) (11.4 0.0558747879787 0) (11.4 0.0537002006356 0) (11.4 0.0514182966966 0) (11.4 0.0490237800525 0) (11.4 0.0465110932296 0) (11.4 0.043874404491 0) (11.4 0.0411075943015 0) (11.4 0.0382042411251 0) (11.4 0.0351576065208 0) (11.4 0.0319606195032 0) (11.4 0.0286058601316 0) (11.4 0.0250855422888 0) (11.4 0.0213914956102 0) (11.4 0.0175151465209 0) (11.4 0.0134474983374 0) (11.4 0.00917911038696 0) (11.4 0.00470007609639 0) (11.4 9.99390827019e-08 0) ); }
contraction_2D { type cloud; axis y; points ( (11.6 0.0999380833111 0) (11.6 0.0999380339908 0) (11.6 0.0999379822366 0) (11.6 0.0999379279283 0) (11.6 0.0999378709398 0) (11.6 0.0999378111389 0) (11.6 0.0999377483869 0) (11.6 0.099937682538 0) (11.6 0.0999376134395 0) (11.6 0.0999375409309 0) (11.6 0.099937464844 0) (11.6 0.0999373850022 0) (11.6 0.0999373012201 0) (11.6 0.0999372133034 0) (11.6 0.099937121048 0) (11.6 0.0999370242397 0) (11.6 0.099936922654 0) (11.6 0.0999368160549 0) (11.6 0.0999367041951 0) (11.6 0.099936586815 0) (11.6 0.0999364636422 0) (11.6 0.0999363343907 0) (11.6 0.0999361987607 0) (11.6 0.0999360564372 0) (11.6 0.0999359070901 0) (11.6 0.0999357503726 0) (11.6 0.0999355859211 0) (11.6 0.0999354133538 0) (11.6 0.0999352322703 0) (11.6 0.0999350422502 0) (11.6 0.0999348428526 0) (11.6 0.0999346336146 0) (11.6 0.0999344140507 0) (11.6 0.0999341836513 0) (11.6 0.0999339418815 0) (11.6 0.0999336881804 0) (11.6 0.099933421959 0) (11.6 0.0999331425994 0) (11.6 0.0999328494534 0) (11.6 0.0999325418406 0) (11.6 0.099932219047 0) (11.6 0.0999318803233 0) (11.6 0.0999315248836 0) (11.6 0.0999311519028 0) (11.6 0.0999307605153 0) (11.6 0.0999303498126 0) (11.6 0.0999299188417 0) (11.6 0.0999294666022 0) (11.6 0.0999289920446 0) (11.6 0.0999284940673 0) (11.6 0.0999279715147 0) (11.6 0.099927423174 0) (11.6 0.0999268477725 0) (11.6 0.0999262439747 0) (11.6 0.0999256103794 0) (11.6 0.0999249455158 0) (11.6 0.0999242478411 0) (11.6 0.0999235157359 0) (11.6 0.099922747501 0) (11.6 0.0999219413535 0) (11.6 0.0999210954224 0) (11.6 0.0999202077442 0) (11.6 0.0999192762589 0) (11.6 0.0999182988045 0) (11.6 0.0999172731123 0) (11.6 0.099916196802 0) (11.6 0.0999150673753 0) (11.6 0.0999138822111 0) (11.6 0.0999126385587 0) (11.6 0.0999113335315 0) (11.6 0.0999099641009 0) (11.6 0.0999085270884 0) (11.6 0.0999070191589 0) (11.6 0.0999054368126 0) (11.6 0.099903776377 0) (11.6 0.0999020339983 0) (11.6 0.0999002056327 0) (11.6 0.0998982870366 0) (11.6 0.0998962737572 0) (11.6 0.0998941611218 0) (11.6 0.0998919442271 0) (11.6 0.099889617928 0) (11.6 0.0998871768252 0) (11.6 0.0998846152533 0) (11.6 0.0998819272669 0) (11.6 0.0998791066275 0) (11.6 0.0998761467886 0) (11.6 0.0998730408807 0) (11.6 0.0998697816953 0) (11.6 0.099866361668 0) (11.6 0.0998627728612 0) (11.6 0.0998590069456 0) (11.6 0.0998550551808 0) (11.6 0.0998509083952 0) (11.6 0.0998465569644 0) (11.6 0.099841990789 0) (11.6 0.0998371992714 0) (11.6 0.0998321712908 0) (11.6 0.0998268951777 0) (11.6 0.0998213586867 0) (11.6 0.0998155489681 0) (11.6 0.099809452538 0) (11.6 0.099803055247 0) (11.6 0.0997963422477 0) (11.6 0.0997892979596 0) (11.6 0.0997819060337 0) (11.6 0.0997741493137 0) (11.6 0.0997660097971 0) (11.6 0.0997574685927 0) (11.6 0.0997485058771 0) (11.6 0.0997391008485 0) (11.6 0.0997292316787 0) (11.6 0.0997188754621 0) (11.6 0.0997080081629 0) (11.6 0.0996966045589 0) (11.6 0.0996846381833 0) (11.6 0.0996720812632 0) (11.6 0.0996589046549 0) (11.6 0.0996450777767 0) (11.6 0.0996305685376 0) (11.6 0.0996153432628 0) (11.6 0.0995993666157 0) (11.6 0.0995826015158 0) (11.6 0.0995650090528 0) (11.6 0.099546548396 0) (11.6 0.0995271766997 0) (11.6 0.0995068490039 0) (11.6 0.0994855181297 0) (11.6 0.0994631345698 0) (11.6 0.099439646374 0) (11.6 0.099414999028 0) (11.6 0.0993891353275 0) (11.6 0.0993619952448 0) (11.6 0.0993335157903 0) (11.6 0.0993036308653 0) (11.6 0.0992722711095 0) (11.6 0.0992393637395 0) (11.6 0.0992048323801 0) (11.6 0.0991685968868 0) (11.6 0.0991305731601 0) (11.6 0.09909067295 0) (11.6 0.0990488036515 0) (11.6 0.0990048680895 0) (11.6 0.0989587642931 0) (11.6 0.0989103852593 0) (11.6 0.0988596187043 0) (11.6 0.0988063468033 0) (11.6 0.0987504459166 0) (11.6 0.0986917863028 0) (11.6 0.098630231818 0) (11.6 0.0985656395992 0) (11.6 0.0984978597333 0) (11.6 0.0984267349088 0) (11.6 0.0983521000511 0) (11.6 0.0982737819387 0) (11.6 0.0981915988018 0) (11.6 0.0981053599004 0) (11.6 0.0980148650809 0) (11.6 0.0979199043126 0) (11.6 0.0978202571993 0) (11.6 0.0977156924684 0) (11.6 0.0976059674338 0) (11.6 0.097490827433 0) (11.6 0.0973700052354 0) (11.6 0.097243220423 0) (11.6 0.0971101787386 0) (11.6 0.0969705714037 0) (11.6 0.0968240744011 0) (11.6 0.0966703477236 0) (11.6 0.0965090345843 0) (11.6 0.0963397605889 0) (11.6 0.0961621328665 0) (11.6 0.095975739158 0) (11.6 0.095780146859 0) (11.6 0.0955749020162 0) (11.6 0.0953595282733 0) (11.6 0.0951335257658 0) (11.6 0.0948963699608 0) (11.6 0.0946475104392 0) (11.6 0.094386369619 0) (11.6 0.094112341414 0) (11.6 0.0938247898274 0) (11.6 0.0935230474762 0) (11.6 0.0932064140413 0) (11.6 0.0928741546429 0) (11.6 0.0925254981346 0) (11.6 0.0921596353138 0) (11.6 0.0917757170431 0) (11.6 0.0913728522804 0) (11.6 0.09095010601 0) (11.6 0.090506497073 0) (11.6 0.09004099589 0) (11.6 0.0895525220715 0) (11.6 0.0890399419105 0) (11.6 0.088502065751 0) (11.6 0.0879376452273 0) (11.6 0.0873453703664 0) (11.6 0.0867238665475 0) (11.6 0.086071691312 0) (11.6 0.0853873310156 0) (11.6 0.0846691973149 0) (11.6 0.0839156234815 0) (11.6 0.0831248605331 0) (11.6 0.0822950731749 0) (11.6 0.0814243355393 0) (11.6 0.080510626717 0) (11.6 0.0795518260656 0) (11.6 0.0785457082889 0) (11.6 0.0774899382711 0) (11.6 0.0763820656579 0) (11.6 0.0752195191692 0) (11.6 0.0739996006315 0) (11.6 0.0727194787153 0) (11.6 0.0713761823643 0) (11.6 0.0699665938994 0) (11.6 0.0684874417831 0) (11.6 0.0669352930266 0) (11.6 0.0653065452218 0) (11.6 0.0635974181806 0) (11.6 0.0618039451614 0) (11.6 0.0599219636627 0) (11.6 0.0579471057621 0) (11.6 0.0558747879787 0) (11.6 0.0537002006356 0) (11.6 0.0514182966966 0) (11.6 0.0490237800525 0) (11.6 0.0465110932296 0) (11.6 0.043874404491 0) (11.6 0.0411075943015 0) (11.6 0.0382042411251 0) (11.6 0.0351576065208 0) (11.6 0.0319606195032 0) (11.6 0.0286058601316 0) (11.6 0.0250855422888 0) (11.6 0.0213914956102 0) (11.6 0.0175151465209 0) (11.6 0.0134474983374 0) (11.6 0.00917911038696 0) (11.6 0.00470007609639 0) (11.6 9.99390827019e-08 0) ); }
); }
